-5.12197,-5.40936,0.461785 1.41818e+09,1418179494219410097,2014-Dec-10 02:44:54.219410
-5.59229,-5.55746,0.762848 1.41818e+09,1418179494219410097,2014-Dec-10 02:44:54.219410
-5.47648,-4.85376,0.420918 1.41818e+09,1418179494219410097,2014-Dec-10 02:44:54.219410
-5.77344,-3.23218,0.962575 1.41818e+09,1418179494219410097,2014-Dec-10 02:44:54.219410
-6.97254,-4.42355,0.883641 1.41818e+09,1418179494219410097,2014-Dec-10 02:44:54.219410
-6.01972,-4.87829,0.426013 1.41818e+09,1418179494219410097,2014-Dec-10 02:44:54.219410
-5.1929,-4.94609,0.420775 1.41818e+09,1418179494219410097,2014-Dec-10 02:44:54.219410
-6.70884,-3.22507,0.998271 1.41818e+09,1418179494219410097,2014-Dec-10 02:44:54.219410
-6.77472,-3.22782,1.07533 1.41818e+09,1418179494219410097,2014-Dec-10 02:44:54.219410
-6.4527,-3.97153,0.998601 1.41818e+09,1418179494219410097,2014-Dec-10 02:44:54.219410
-6.74272,-3.19287,1.0445 1.41818e+09,1418179494219410097,2014-Dec-10 02:44:54.219410
-6.06716,-4.94026,0.388776 1.41818e+09,1418179494219410097,2014-Dec-10 02:44:54.219410
-6.77297,-3.18342,1.06975 1.41818e+09,1418179494219410097,2014-Dec-10 02:44:54.219410
-6.86418,-3.89539,0.741875 1.41818e+09,1418179494219410097,2014-Dec-10 02:44:54.219410
-5.83132,-3.98253,0.666262 1.41818e+09,1418179494219410097,2014-Dec-10 02:44:54.219410
-5.63373,-5.99579,0.986589 1.41818e+09,1418179494219410097,2014-Dec-10 02:44:54.219410
-8.01478,-5.34215,0.64773 1.41818e+09,1418179494219410097,2014-Dec-10 02:44:54.219410
-6.59668,-3.34427,0.920667 1.41818e+09,1418179494219410097,2014-Dec-10 02:44:54.219410
-6.07295,-4.93476,0.39452 1.41818e+09,1418179494219410097,2014-Dec-10 02:44:54.219410
-5.95327,-5.29757,0.996227 1.41818e+09,1418179494219410097,2014-Dec-10 02:44:54.219410
-6.78261,-3.20133,1.07817 1.41818e+09,1418179494219410097,2014-Dec-10 02:44:54.219410
-6.94521,-3.89619,0.836557 1.41818e+09,1418179494219410097,2014-Dec-10 02:44:54.219410
-6.06201,-4.89294,0.385228 1.41818e+09,1418179494219410097,2014-Dec-10 02:44:54.219410
-3.92813,-4.96821,0.625698 1.41818e+09,1418179494219410097,2014-Dec-10 02:44:54.219410
-5.24209,-5.43659,0.471785 1.41818e+09,1418179494219410097,2014-Dec-10 02:44:54.219410
-6.80451,-3.30899,1.03454 1.41818e+09,1418179494219410097,2014-Dec-10 02:44:54.219410
-6.82884,-3.84811,0.727469 1.41818e+09,1418179494219410097,2014-Dec-10 02:44:54.219410
-3.93588,-4.30803,0.859348 1.41818e+09,1418179494219410097,2014-Dec-10 02:44:54.219410
-5.80812,-5.35555,0.982221 1.41818e+09,1418179494219410097,2014-Dec-10 02:44:54.219410
-5.52866,-5.26078,0.454122 1.41818e+09,1418179494219410097,2014-Dec-10 02:44:54.219410
-6.77103,-3.5773,0.892732 1.41818e+09,1418179494219410097,2014-Dec-10 02:44:54.219410
-6.30436,-2.84855,0.976849 1.41818e+09,1418179494219410097,2014-Dec-10 02:44:54.219410
-6.96619,-4.20592,0.645166 1.41818e+09,1418179494219410097,2014-Dec-10 02:44:54.219410
-6.99076,-4.01786,0.76925 1.41818e+09,1418179494219410097,2014-Dec-10 02:44:54.219410
-6.60065,-3.98377,0.921647 1.41818e+09,1418179494219410097,2014-Dec-10 02:44:54.219410
-6.06505,-4.34133,0.92357 1.41818e+09,1418179494219410097,2014-Dec-10 02:44:54.219410
-7.19962,-6.5802,0.786978 1.41818e+09,1418179494219410097,2014-Dec-10 02:44:54.219410
-7.06884,-5.08063,0.735288 1.41818e+09,1418179494219410097,2014-Dec-10 02:44:54.219410
-6.92583,-3.82668,0.831871 1.41818e+09,1418179494219410097,2014-Dec-10 02:44:54.219410
-7.08134,-8.1618,1.18049 1.41818e+09,1418179494219410097,2014-Dec-10 02:44:54.219410
-6.38703,-5.02233,0.626314 1.41818e+09,1418179494219410097,2014-Dec-10 02:44:54.219410
-5.63713,-4.74036,0.508072 1.41818e+09,1418179494219410097,2014-Dec-10 02:44:54.219410
-3.76651,-4.84804,0.702623 1.41818e+09,1418179494219410097,2014-Dec-10 02:44:54.219410
-5.45051,-5.1134,0.421193 1.41818e+09,1418179494219410097,2014-Dec-10 02:44:54.219410
-6.1456,-2.44491,1.27088 1.41818e+09,1418179494219410097,2014-Dec-10 02:44:54.219410
-5.07396,-5.16051,0.488851 1.41818e+09,1418179494219410097,2014-Dec-10 02:44:54.219410
-6.18225,-4.97606,0.64058 1.41818e+09,1418179494219410097,2014-Dec-10 02:44:54.219410
-3.90783,-4.90954,0.645446 1.41818e+09,1418179494219410097,2014-Dec-10 02:44:54.219410
-5.18617,-5.7214,0.343533 1.41818e+09,1418179494219410097,2014-Dec-10 02:44:54.219410
-6.82647,-3.91943,0.711008 1.41818e+09,1418179494219410097,2014-Dec-10 02:44:54.219410
-6.39692,-5.27258,0.589982 1.41818e+09,1418179494219410097,2014-Dec-10 02:44:54.219410
-7.25874,-4.0137,1.19521 1.41818e+09,1418179494219410097,2014-Dec-10 02:44:54.219410
-5.87947,-5.07364,0.442251 1.41818e+09,1418179494219410097,2014-Dec-10 02:44:54.219410
-5.73199,-1.95216,1.39284 1.41818e+09,1418179494219410097,2014-Dec-10 02:44:54.219410
-5.28216,-5.72857,0.256893 1.41818e+09,1418179494219410097,2014-Dec-10 02:44:54.219410
-5.55496,-1.28115,1.45311 1.41818e+09,1418179494219410097,2014-Dec-10 02:44:54.219410
-5.53891,-1.18506,1.6632 1.41818e+09,1418179494219410097,2014-Dec-10 02:44:54.219410
-6.12567,-4.10415,0.959783 1.41818e+09,1418179494219410097,2014-Dec-10 02:44:54.219410
-3.99143,-4.09257,0.907262 1.41818e+09,1418179494219410097,2014-Dec-10 02:44:54.219410
-5.28152,-5.73075,0.295998 1.41818e+09,1418179494219410097,2014-Dec-10 02:44:54.219410
-6.13759,-5.05685,0.512483 1.41818e+09,1418179494219410097,2014-Dec-10 02:44:54.219410
-4.39961,-4.76893,0.50968 1.41818e+09,1418179494219410097,2014-Dec-10 02:44:54.219410
-4.16329,-4.32099,0.551487 1.41818e+09,1418179494219410097,2014-Dec-10 02:44:54.219410
-7.13306,-4.34101,0.717897 1.41818e+09,1418179494219410097,2014-Dec-10 02:44:54.219410
-5.87572,-5.18051,1.49351 1.41818e+09,1418179494219410097,2014-Dec-10 02:44:54.219410
-6.17226,-4.99402,0.361519 1.41818e+09,1418179494219410097,2014-Dec-10 02:44:54.219410
-3.60505,-4.98572,0.798782 1.41818e+09,1418179494219410097,2014-Dec-10 02:44:54.219410
-8.08274,-6.65399,1.45275 1.41818e+09,1418179494219410097,2014-Dec-10 02:44:54.219410
-6.17995,-4.94586,0.309032 1.41818e+09,1418179494219410097,2014-Dec-10 02:44:54.219410
-5.40043,-4.98092,0.34696 1.41818e+09,1418179494219410097,2014-Dec-10 02:44:54.219410
-6.87458,-3.76696,0.877265 1.41818e+09,1418179494219410097,2014-Dec-10 02:44:54.219410
-6.01568,-4.89994,0.427572 1.41818e+09,1418179494219410097,2014-Dec-10 02:44:54.219410
-6.92671,-3.84546,0.860905 1.41818e+09,1418179494219410097,2014-Dec-10 02:44:54.219410
-8.20923,-6.38065,1.42224 1.41818e+09,1418179494219410097,2014-Dec-10 02:44:54.219410
-5.78342,-3.78377,0.741051 1.41818e+09,1418179494219410097,2014-Dec-10 02:44:54.219410
-4.00765,-3.96806,0.894524 1.41818e+09,1418179494219410097,2014-Dec-10 02:44:54.219410
-6.85569,-3.76173,0.719954 1.41818e+09,1418179494219410097,2014-Dec-10 02:44:54.219410
-8.40484,-7.61067,1.23183 1.41818e+09,1418179494219410097,2014-Dec-10 02:44:54.219410
-6.23041,-5.02546,0.668381 1.41818e+09,1418179494219410097,2014-Dec-10 02:44:54.219410
-3.7993,-4.89433,0.692727 1.41818e+09,1418179494219410097,2014-Dec-10 02:44:54.219410
-5.97003,-5.26702,0.603603 1.41818e+09,1418179494219410097,2014-Dec-10 02:44:54.219410
-5.95267,-3.70078,0.724515 1.41818e+09,1418179494219410097,2014-Dec-10 02:44:54.219410
-5.75947,-2.0127,1.21828 1.41818e+09,1418179494219410097,2014-Dec-10 02:44:54.219410
-5.46396,-5.20763,0.435164 1.41818e+09,1418179494219410097,2014-Dec-10 02:44:54.219410
-5.91126,-3.76293,0.654911 1.41818e+09,1418179494219410097,2014-Dec-10 02:44:54.219410
-5.57356,-4.95936,0.416764 1.41818e+09,1418179494219410097,2014-Dec-10 02:44:54.219410
-5.18886,-5.63443,0.724648 1.41818e+09,1418179494219410097,2014-Dec-10 02:44:54.219410
-3.97592,-3.78037,0.81484 1.41818e+09,1418179494219410097,2014-Dec-10 02:44:54.219410
-5.24237,-4.30338,0.650687 1.41818e+09,1418179494219410097,2014-Dec-10 02:44:54.219410
-5.24283,-4.89238,0.44212 1.41818e+09,1418179494219410097,2014-Dec-10 02:44:54.219410
-5.10452,-4.76395,0.698412 1.41818e+09,1418179494219410097,2014-Dec-10 02:44:54.219410
-7.68523,-4.88268,0.71079 1.41818e+09,1418179494219410097,2014-Dec-10 02:44:54.219410
-5.42047,-4.70285,0.408361 1.41818e+09,1418179494219410097,2014-Dec-10 02:44:54.219410
-5.32761,-5.77046,0.362274 1.41818e+09,1418179494219410097,2014-Dec-10 02:44:54.219410
-5.75435,-4.35591,0.438854 1.41818e+09,1418179494219410097,2014-Dec-10 02:44:54.219410
-5.39885,-4.28418,0.640638 1.41818e+09,1418179494219410097,2014-Dec-10 02:44:54.219410
-5.56938,-4.80921,0.69507 1.41818e+09,1418179494219410097,2014-Dec-10 02:44:54.219410
-5.0546,-5.79046,0.336859 1.41818e+09,1418179494219410097,2014-Dec-10 02:44:54.219410
-6.75177,-3.2352,1.03828 1.41818e+09,1418179494219410097,2014-Dec-10 02:44:54.219410
-7.0737,-5.15484,1.25188 1.41818e+09,1418179494219410097,2014-Dec-10 02:44:54.219410
-5.56014,-5.12656,0.417753 1.41818e+09,1418179494219410097,2014-Dec-10 02:44:54.219410
-5.35293,-5.8004,0.200233 1.41818e+09,1418179494219410097,2014-Dec-10 02:44:54.219410
-6.59862,-3.91162,0.986068 1.41818e+09,1418179494219410097,2014-Dec-10 02:44:54.219410
-4.20455,-4.0716,0.851427 1.41818e+09,1418179494219410097,2014-Dec-10 02:44:54.219410
-6.59516,-4.81359,1.23664 1.41818e+09,1418179494219410097,2014-Dec-10 02:44:54.219410
-6.40017,-5.34983,0.657112 1.41818e+09,1418179494219410097,2014-Dec-10 02:44:54.219410
-5.63192,-4.51593,0.598961 1.41818e+09,1418179494219410097,2014-Dec-10 02:44:54.219410
-5.26794,-4.17894,0.63682 1.41818e+09,1418179494219410097,2014-Dec-10 02:44:54.219410
-5.25477,-5.66544,0.407952 1.41818e+09,1418179494219410097,2014-Dec-10 02:44:54.219410
-6.78235,-3.22,1.0636 1.41818e+09,1418179494219410097,2014-Dec-10 02:44:54.219410
-6.8038,-3.93343,0.813844 1.41818e+09,1418179494219410097,2014-Dec-10 02:44:54.219410
-4.64241,-7.36287,1.41026 1.41818e+09,1418179494219410097,2014-Dec-10 02:44:54.219410
-3.75664,-4.6256,0.638976 1.41818e+09,1418179494219410097,2014-Dec-10 02:44:54.219410
-6.4494,-4.79281,1.06578 1.41818e+09,1418179494219410097,2014-Dec-10 02:44:54.219410
-5.24192,-4.94017,0.443076 1.41818e+09,1418179494219410097,2014-Dec-10 02:44:54.219410
-6.10442,-2.74453,1.25442 1.41818e+09,1418179494219410097,2014-Dec-10 02:44:54.219410
-3.47638,-4.72493,0.948713 1.41818e+09,1418179494219410097,2014-Dec-10 02:44:54.219410
-6.76395,-4.78912,0.969759 1.41818e+09,1418179494219410097,2014-Dec-10 02:44:54.219410
-4.15139,-4.65348,1.0483 1.41818e+09,1418179494219410097,2014-Dec-10 02:44:54.219410
-5.61058,-5.39716,0.481171 1.41818e+09,1418179494219410097,2014-Dec-10 02:44:54.219410
-5.20946,-5.71366,0.365944 1.41818e+09,1418179494219410097,2014-Dec-10 02:44:54.219410
-7.12579,-4.16703,0.808508 1.41818e+09,1418179494219410097,2014-Dec-10 02:44:54.219410
-6.57187,-4.88852,0.659748 1.41818e+09,1418179494219410097,2014-Dec-10 02:44:54.219410
-3.52007,-4.96931,0.941661 1.41818e+09,1418179494219410097,2014-Dec-10 02:44:54.219410
-6.10698,-5.05664,0.722027 1.41818e+09,1418179494219410097,2014-Dec-10 02:44:54.219410
-5.22249,-4.75826,0.429375 1.41818e+09,1418179494219410097,2014-Dec-10 02:44:54.219410
-5.91019,-2.22864,1.22153 1.41818e+09,1418179494219410097,2014-Dec-10 02:44:54.219410
-3.43856,-4.67778,0.912172 1.41818e+09,1418179494219410097,2014-Dec-10 02:44:54.219410
-5.2004,-5.7895,0.32443 1.41818e+09,1418179494219410097,2014-Dec-10 02:44:54.219410
-4.59751,-3.99784,1.01109 1.41818e+09,1418179494219410097,2014-Dec-10 02:44:54.219410
-5.21269,-4.72451,0.42651 1.41818e+09,1418179494219410097,2014-Dec-10 02:44:54.219410
-3.83173,-4.65491,1.04168 1.41818e+09,1418179494219410097,2014-Dec-10 02:44:54.219410
-5.6486,-4.67979,0.423031 1.41818e+09,1418179494219410097,2014-Dec-10 02:44:54.219410
-5.18011,-5.73644,0.354555 1.41818e+09,1418179494219410097,2014-Dec-10 02:44:54.219410
-4.72863,-4.08094,0.902372 1.41818e+09,1418179494219410097,2014-Dec-10 02:44:54.219410
-5.84741,-2.10992,1.22759 1.41818e+09,1418179494219410097,2014-Dec-10 02:44:54.219410
-5.67247,-4.65472,0.751296 1.41818e+09,1418179494219410097,2014-Dec-10 02:44:54.219410
-3.2593,-6.22091,0.878275 1.41818e+09,1418179494219410097,2014-Dec-10 02:44:54.219410
-5.73367,-4.43406,0.611772 1.41818e+09,1418179494219410097,2014-Dec-10 02:44:54.219410
-5.42364,-4.24611,0.692472 1.41818e+09,1418179494219410097,2014-Dec-10 02:44:54.219410
-7.11273,-4.95487,0.508275 1.41818e+09,1418179494219410097,2014-Dec-10 02:44:54.219410
-3.42273,-4.75275,0.925811 1.41818e+09,1418179494219410097,2014-Dec-10 02:44:54.219410
-5.26395,-4.8416,0.710824 1.41818e+09,1418179494219410097,2014-Dec-10 02:44:54.219410
-6.45375,-4.93895,1.02901 1.41818e+09,1418179494219410097,2014-Dec-10 02:44:54.219410
-5.72111,-4.55087,0.420334 1.41818e+09,1418179494219410097,2014-Dec-10 02:44:54.219410
-5.33516,-4.67112,0.420258 1.41818e+09,1418179494219410097,2014-Dec-10 02:44:54.219410
-5.945,-2.05147,1.29493 1.41818e+09,1418179494219410097,2014-Dec-10 02:44:54.219410
-3.50345,-4.85404,0.919203 1.41818e+09,1418179494219410097,2014-Dec-10 02:44:54.219410
-5.60774,-4.76842,0.45985 1.41818e+09,1418179494219410097,2014-Dec-10 02:44:54.219410
-6.02637,-2.30679,1.22401 1.41818e+09,1418179494219410097,2014-Dec-10 02:44:54.219410
-3.41881,-5.41478,0.740534 1.41818e+09,1418179494219410097,2014-Dec-10 02:44:54.219410
-5.21347,-5.71042,0.288255 1.41818e+09,1418179494219410097,2014-Dec-10 02:44:54.219410
-5.7431,-1.90675,1.34442 1.41818e+09,1418179494219410097,2014-Dec-10 02:44:54.219410
-5.17934,-5.69164,0.376658 1.41818e+09,1418179494219410097,2014-Dec-10 02:44:54.219410
-5.68477,-1.86642,1.35612 1.41818e+09,1418179494219410097,2014-Dec-10 02:44:54.219410
-3.92699,-3.71446,0.811063 1.41818e+09,1418179494219410097,2014-Dec-10 02:44:54.219410
-5.74774,-4.66738,0.381382 1.41818e+09,1418179494219410097,2014-Dec-10 02:44:54.219410
-6.10597,-4.42948,0.447333 1.41818e+09,1418179494219410097,2014-Dec-10 02:44:54.219410
-6.37198,-3.08747,1.26418 1.41818e+09,1418179494219410097,2014-Dec-10 02:44:54.219410
-3.41386,-5.50044,0.723604 1.41818e+09,1418179494219410097,2014-Dec-10 02:44:54.219410
-5.71977,-1.80711,1.35394 1.41818e+09,1418179494219410097,2014-Dec-10 02:44:54.219410
-4.60164,-3.68088,0.855396 1.41818e+09,1418179494219410097,2014-Dec-10 02:44:54.219410
-3.53131,-4.84901,0.80295 1.41818e+09,1418179494219410097,2014-Dec-10 02:44:54.219410
-6.00428,-4.94005,0.35873 1.41818e+09,1418179494219410097,2014-Dec-10 02:44:54.219410
-5.60215,-3.92308,0.610554 1.41818e+09,1418179494219410097,2014-Dec-10 02:44:54.219410
-6.08278,-5.15899,1.21021 1.41818e+09,1418179494219410097,2014-Dec-10 02:44:54.219410
-5.44226,-5.17571,0.430584 1.41818e+09,1418179494219410097,2014-Dec-10 02:44:54.219410
-4.6257,-3.95072,1.05961 1.41818e+09,1418179494219410097,2014-Dec-10 02:44:54.219410
-3.53845,-5.35983,0.930898 1.41818e+09,1418179494219410097,2014-Dec-10 02:44:54.219410
-3.6126,-4.64252,0.913982 1.41818e+09,1418179494219410097,2014-Dec-10 02:44:54.219410
-5.91276,-4.8032,0.471813 1.41818e+09,1418179494219410097,2014-Dec-10 02:44:54.219410
-4.99955,-4.07297,0.746097 1.41818e+09,1418179494219410097,2014-Dec-10 02:44:54.219410
-5.65281,-4.87839,0.416061 1.41818e+09,1418179494219410097,2014-Dec-10 02:44:54.219410
-5.89387,-2.02354,1.29601 1.41818e+09,1418179494219410097,2014-Dec-10 02:44:54.219410
-5.98234,-5.08549,0.4819 1.41818e+09,1418179494219410097,2014-Dec-10 02:44:54.219410
-3.48362,-4.74466,0.903118 1.41818e+09,1418179494219410097,2014-Dec-10 02:44:54.219410
-6.82535,-3.9944,0.715887 1.41818e+09,1418179494219410097,2014-Dec-10 02:44:54.219410
-5.94186,-4.99621,0.320386 1.41818e+09,1418179494219410097,2014-Dec-10 02:44:54.219410
-3.639,-4.89538,0.747866 1.41818e+09,1418179494219410097,2014-Dec-10 02:44:54.219410
-5.075,-4.33991,0.921711 1.41818e+09,1418179494219410097,2014-Dec-10 02:44:54.219410
-4.66154,-3.92388,0.944364 1.41818e+09,1418179494219410097,2014-Dec-10 02:44:54.219410
-5.96779,-4.79751,0.507712 1.41818e+09,1418179494219410097,2014-Dec-10 02:44:54.219410
-3.77967,-4.89979,0.698079 1.41818e+09,1418179494219410097,2014-Dec-10 02:44:54.219410
-4.61825,-4.02505,0.856028 1.41818e+09,1418179494219410097,2014-Dec-10 02:44:54.219410
-5.17225,-3.86685,0.773727 1.41818e+09,1418179494219410097,2014-Dec-10 02:44:54.219410
-6.1003,-2.50817,1.11665 1.41818e+09,1418179494219410097,2014-Dec-10 02:44:54.219410
-5.65418,-1.85625,1.30944 1.41818e+09,1418179494219410097,2014-Dec-10 02:44:54.219410
-3.59877,-4.41594,0.921886 1.41818e+09,1418179494219410097,2014-Dec-10 02:44:54.219410
-6.82135,-3.70007,0.867854 1.41818e+09,1418179494219410097,2014-Dec-10 02:44:54.219410
-8.10202,-6.51961,1.41671 1.41818e+09,1418179494219410097,2014-Dec-10 02:44:54.219410
-4.10944,-3.9522,0.872737 1.41818e+09,1418179494219410097,2014-Dec-10 02:44:54.219410
-5.23069,-4.32674,0.609941 1.41818e+09,1418179494219410097,2014-Dec-10 02:44:54.219410
-4.78377,-3.96828,0.817468 1.41818e+09,1418179494219410097,2014-Dec-10 02:44:54.219410
-6.57712,-5.21707,0.400008 1.41818e+09,1418179494219410097,2014-Dec-10 02:44:54.219410
-6.99056,-4.93507,0.512981 1.41818e+09,1418179494219410097,2014-Dec-10 02:44:54.219410
-3.57187,-4.58778,0.911935 1.41818e+09,1418179494219410097,2014-Dec-10 02:44:54.219410
-6.88766,-3.90187,0.73579 1.41818e+09,1418179494219410097,2014-Dec-10 02:44:54.219410
-3.73168,-4.72538,0.68186 1.41818e+09,1418179494219410097,2014-Dec-10 02:44:54.219410
-4.77642,-3.97253,0.897907 1.41818e+09,1418179494219410097,2014-Dec-10 02:44:54.219410
-5.34295,-4.38105,0.621512 1.41818e+09,1418179494219410097,2014-Dec-10 02:44:54.219410
-6.78175,-3.64608,0.86946 1.41818e+09,1418179494219410097,2014-Dec-10 02:44:54.219410
-6.07647,-2.64441,1.04639 1.41818e+09,1418179494219410097,2014-Dec-10 02:44:54.219410
-3.79113,-4.96255,0.683485 1.41818e+09,1418179494219410097,2014-Dec-10 02:44:54.219410
-6.04591,-4.69517,0.722597 1.41818e+09,1418179494219410097,2014-Dec-10 02:44:54.219410
-4.52121,-3.71383,0.964621 1.41818e+09,1418179494219410097,2014-Dec-10 02:44:54.219410
-4.79747,-4.2805,1.0952 1.41818e+09,1418179494219410097,2014-Dec-10 02:44:54.219410
-5.11212,-4.10667,0.695685 1.41818e+09,1418179494219410097,2014-Dec-10 02:44:54.219410
-3.68425,-4.32237,1.08588 1.41818e+09,1418179494219410097,2014-Dec-10 02:44:54.219410
-3.80274,-4.86668,0.673331 1.41818e+09,1418179494219410097,2014-Dec-10 02:44:54.219410
-4.29222,-3.76343,0.937631 1.41818e+09,1418179494219410097,2014-Dec-10 02:44:54.219410
-5.03049,-4.29829,0.671007 1.41818e+09,1418179494219410097,2014-Dec-10 02:44:54.219410
-5.07999,-5.20696,0.541372 1.41818e+09,1418179494219410097,2014-Dec-10 02:44:54.219410
-6.84311,-3.9535,0.717878 1.41818e+09,1418179494219410097,2014-Dec-10 02:44:54.219410
-6.91532,-4.41337,0.752682 1.41818e+09,1418179494219410097,2014-Dec-10 02:44:54.219410
-5.66243,-4.71774,0.426823 1.41818e+09,1418179494219410097,2014-Dec-10 02:44:54.219410
-3.79771,-4.90216,0.684132 1.41818e+09,1418179494219410097,2014-Dec-10 02:44:54.219410
-5.97277,-4.85613,0.447763 1.41818e+09,1418179494219410097,2014-Dec-10 02:44:54.219410
-5.54226,-4.649,0.922709 1.41818e+09,1418179494219410097,2014-Dec-10 02:44:54.219410
-4.60431,-3.72255,0.831666 1.41818e+09,1418179494219410097,2014-Dec-10 02:44:54.219410
-6.96303,-3.89944,0.847289 1.41818e+09,1418179494219410097,2014-Dec-10 02:44:54.219410
-6.18402,-4.88377,0.440108 1.41818e+09,1418179494219410097,2014-Dec-10 02:44:54.219410
-3.94357,-4.93966,0.637126 1.41818e+09,1418179494219410097,2014-Dec-10 02:44:54.219410
-4.5776,-3.79639,0.913534 1.41818e+09,1418179494219410097,2014-Dec-10 02:44:54.219410
-3.749,-4.56577,0.925816 1.41818e+09,1418179494219410097,2014-Dec-10 02:44:54.219410
-5.09544,-5.76472,0.403964 1.41818e+09,1418179494219410097,2014-Dec-10 02:44:54.219410
-5.98708,-4.9181,0.405131 1.41818e+09,1418179494219410097,2014-Dec-10 02:44:54.219410
-5.82767,-4.77532,0.461708 1.41818e+09,1418179494219410097,2014-Dec-10 02:44:54.219410
-6.11469,-4.90708,0.3691 1.41818e+09,1418179494219410097,2014-Dec-10 02:44:54.219410
-5.21112,-4.7824,0.688743 1.41818e+09,1418179494219410097,2014-Dec-10 02:44:54.219410
-5.84457,-4.91092,0.424936 1.41818e+09,1418179494219410097,2014-Dec-10 02:44:54.219410
-4.79608,-3.96145,0.842953 1.41818e+09,1418179494219410097,2014-Dec-10 02:44:54.219410
-3.95594,-4.80781,1.07252 1.41818e+09,1418179494219410097,2014-Dec-10 02:44:54.219410
-6.04358,-5.01664,0.373519 1.41818e+09,1418179494219410097,2014-Dec-10 02:44:54.219410
-4.63041,-3.77296,0.92058 1.41818e+09,1418179494219410097,2014-Dec-10 02:44:54.219410
-5.1914,-5.37935,0.451806 1.41818e+09,1418179494219410097,2014-Dec-10 02:44:54.219410
-6.05952,-5.02991,0.35934 1.41818e+09,1418179494219410097,2014-Dec-10 02:44:54.219410
-4.93368,-4.01966,0.804951 1.41818e+09,1418179494219410097,2014-Dec-10 02:44:54.219410
-6.21519,-4.97479,0.394593 1.41818e+09,1418179494219410097,2014-Dec-10 02:44:54.219410
-6.0377,-4.8648,0.407426 1.41818e+09,1418179494219410097,2014-Dec-10 02:44:54.219410
-4.16887,-3.12851,0.94338 1.41818e+09,1418179494219410097,2014-Dec-10 02:44:54.219410
-5.18404,-5.74725,0.32717 1.41818e+09,1418179494219410097,2014-Dec-10 02:44:54.219410
-5.93694,-4.82076,0.402645 1.41818e+09,1418179494219410097,2014-Dec-10 02:44:54.219410
-4.24603,-3.14855,0.924001 1.41818e+09,1418179494219410097,2014-Dec-10 02:44:54.219410
-5.34838,-5.80073,0.271805 1.41818e+09,1418179494219410097,2014-Dec-10 02:44:54.219410
-6.13833,-4.88914,0.348763 1.41818e+09,1418179494219410097,2014-Dec-10 02:44:54.219410
-4.60766,-3.86939,0.944382 1.41818e+09,1418179494219410097,2014-Dec-10 02:44:54.219410
-6.06483,-4.9305,0.403428 1.41818e+09,1418179494219410097,2014-Dec-10 02:44:54.219410
-6.07313,-4.94209,0.340635 1.41818e+09,1418179494219410097,2014-Dec-10 02:44:54.219410
-5.82565,-4.71417,0.488678 1.41818e+09,1418179494219410097,2014-Dec-10 02:44:54.219410
-5.80247,-4.9795,0.572832 1.41818e+09,1418179494219410097,2014-Dec-10 02:44:54.219410d