-1.65974,-5.46291,0.440764 1.3847e+09,1384696340108984519,2013-Nov-17 13:52:20.108984
-5.43771,-4.69411,0.796499 1.3847e+09,1384696877850739514,2013-Nov-17 14:01:17.850739
-2.31156,-5.49206,0.128107 1.3847e+09,1384697542141310618,2013-Nov-17 14:12:22.141310
-6.91219,2.4265,0.478189 1.3847e+09,1384697619426753859,2013-Nov-17 14:13:39.426753
-2.08258,-5.50297,0.305504 1.3847e+09,1384698057111609066,2013-Nov-17 14:20:57.111609
-6.97944,2.56652,0.467014 1.3847e+09,1384698135601266287,2013-Nov-17 14:22:15.601266
-2.33951,-5.63717,0.117776 1.3847e+09,1384698656360431938,2013-Nov-17 14:30:56.360431
-6.91656,2.36978,0.517792 1.3847e+09,1384699935000774216,2013-Nov-17 14:52:15.000774
-7.0754,2.32718,0.53035 1.3847e+09,1384700566857949230,2013-Nov-17 15:02:46.857949
-8.78329,-5.42694,0.538264 1.3847e+09,1384701104736568396,2013-Nov-17 15:11:44.736568
-7.09234,2.44934,0.467771 1.3847e+09,1384701138516310831,2013-Nov-17 15:12:18.516310
-8.21074,3.41389,0.990263 1.3847e+09,1384701138516310831,2013-Nov-17 15:12:18.516310
-8.14744,-5.92192,0.309097 1.3847e+09,1384701703821438581,2013-Nov-17 15:21:43.821438
-7.02968,2.06426,0.55008 1.3847e+09,1384701736168963707,2013-Nov-17 15:22:16.168963
-8.22895,3.34798,0.874454 1.3847e+09,1384701736189087775,2013-Nov-17 15:22:16.189087
-14.8221,-4.29385,0.708287 1.3847e+09,1384702317794161284,2013-Nov-17 15:31:57.794161
-7.09811,2.29931,0.495378 1.3847e+09,1384702337180366193,2013-Nov-17 15:32:17.180366
-8.5075,3.36908,0.971666 1.3847e+09,1384702337180366193,2013-Nov-17 15:32:17.180366
-8.18473,-6.05935,0.267916 1.3847e+09,1384702902543712948,2013-Nov-17 15:41:42.543712
-6.99021,2.11767,0.543831 1.3847e+09,1384702934447313568,2013-Nov-17 15:42:14.447313
-8.30552,3.19136,0.840576 1.3847e+09,1384703534643665784,2013-Nov-17 15:52:14.643665
-8.14636,3.27357,0.99888 1.3847e+09,1384704743096502808,2013-Nov-17 16:12:23.096502
-7.51569,2.91644,1.28671 1.3847e+09,1384704786252729610,2013-Nov-17 16:13:06.252729
-8.54767,-5.12057,0.486008 1.38471e+09,1384705302011385364,2013-Nov-17 16:21:42.011385
-7.48596,3.12308,1.08363 1.38471e+09,1384705376902769201,2013-Nov-17 16:22:56.902769
-14.1994,-4.60415,0.823661 1.38471e+09,1384709010321945173,2013-Nov-17 17:23:30.321945
-6.46737,4.31082,0.270669 1.38471e+09,1384709081085337775,2013-Nov-17 17:24:41.085337
-12.9134,-5.47368,0.886328 1.38471e+09,1384709520044518855,2013-Nov-17 17:32:00.044518
-7.13764,2.3812,0.504271 1.38471e+09,1384709538094555654,2013-Nov-17 17:32:18.094555
-6.35108,2.94347,0.659141 1.38471e+09,1384709581582317759,2013-Nov-17 17:33:01.582317
-2.63776,-5.31605,0.0673588 1.38471e+09,1384710055201251383,2013-Nov-17 17:40:55.201251
-7.07386,2.43758,0.501724 1.38471e+09,1384710132210991591,2013-Nov-17 17:42:12.210991
-8.53939,-5.2541,0.484031 1.38471e+09,1384711902441961863,2013-Nov-17 18:11:42.441961
-8.55051,-5.18534,0.502374 1.38471e+09,1384712501540456317,2013-Nov-17 18:21:41.540456
-8.62248,-4.88969,0.635259 1.38471e+09,1384713101178184589,2013-Nov-17 18:31:41.178184
-8.55971,-5.20551,0.527846 1.38471e+09,1384713701925286099,2013-Nov-17 18:41:41.925286
-6.39347,4.44363,0.25101 1.38471e+09,1384713778760772910,2013-Nov-17 18:42:58.760772
-8.57889,-5.14396,0.45923 1.38471e+09,1384714301783528089,2013-Nov-17 18:51:41.783528
-7.04221,2.52766,0.481298 1.38471e+09,1384714334272765937,2013-Nov-17 18:52:14.272765
-8.74495,-5.07602,0.602592 1.38471e+09,1384714901661639993,2013-Nov-17 19:01:41.661639
-6.91556,2.4122,0.54749 1.38471e+09,1384714960172113148,2013-Nov-17 19:02:40.172113
-8.39566,-5.34362,0.776418 1.38472e+09,1384715501976066101,2013-Nov-17 19:11:41.976066
-6.60154,2.37599,0.470888 1.38472e+09,1384715534501672112,2013-Nov-17 19:12:14.501672
-6.26458,4.14475,0.342814 1.38472e+09,1384715577563918857,2013-Nov-17 19:12:57.563918
-8.46832,-5.34604,0.506983 1.38472e+09,1384716103990668105,2013-Nov-17 19:21:43.990668
-7.06617,2.2224,0.549244 1.38472e+09,1384716136542276710,2013-Nov-17 19:22:16.542276
-14.4543,4.56088,0.635078 1.38472e+09,1384716154001351991,2013-Nov-17 19:22:34.001351
-6.38989,4.13401,0.372584 1.38472e+09,1384716179084583559,2013-Nov-17 19:22:59.084583
-8.23118,-5.32631,0.506185 1.38472e+09,1384716710281655882,2013-Nov-17 19:31:50.281655
-7.01108,2.28038,0.521366 1.38472e+09,1384716743469320495,2013-Nov-17 19:32:23.469320
-6.77337,3.46715,0.682985 1.38472e+09,1384716785971425793,2013-Nov-17 19:33:05.971425
-6.44197,3.91856,0.452105 1.38472e+09,1384716786222953937,2013-Nov-17 19:33:06.222953
-8.46983,-5.4363,0.472339 1.38472e+09,1384717303539600451,2013-Nov-17 19:41:43.539600
-7.00439,2.19508,0.55391 1.38472e+09,1384717336194056923,2013-Nov-17 19:42:16.194056
-14.6315,4.46861,0.566149 1.38472e+09,1384717353925948626,2013-Nov-17 19:42:33.925948
-6.41621,3.70405,0.549886 1.38472e+09,1384717378944955694,2013-Nov-17 19:42:58.944955
-8.9508,-5.48417,0.691813 1.38472e+09,1384717904034554352,2013-Nov-17 19:51:44.034554
-8.27025,-5.79097,0.496358 1.38472e+09,1384717904034554352,2013-Nov-17 19:51:44.034554
-7.08532,2.44817,0.53106 1.38472e+09,1384717937382052683,2013-Nov-17 19:52:17.382052
-14.8127,4.48447,0.54793 1.38472e+09,1384717954467461067,2013-Nov-17 19:52:34.467461
-6.4783,3.84352,0.687315 1.38472e+09,1384717979632627149,2013-Nov-17 19:52:59.632627
-8.14185,-5.3689,0.48531 1.38472e+09,1384718509554351693,2013-Nov-17 20:01:49.554351
-7.09738,2.40213,0.544093 1.38472e+09,1384718567111896287,2013-Nov-17 20:02:47.111896
-14.0407,4.06415,0.759053 1.38472e+09,1384718584173465775,2013-Nov-17 20:03:04.173465
-8.55244,-5.13219,0.501735 1.38472e+09,1384719109649178478,2013-Nov-17 20:11:49.649178
-6.95862,2.20888,0.577963 1.38472e+09,1384719142581776180,2013-Nov-17 20:12:22.581776
-14.6552,4.55352,0.555437 1.38472e+09,1384719160582547540,2013-Nov-17 20:12:40.582547
-7.06776,2.21612,0.535872 1.38472e+09,1384719743244441442,2013-Nov-17 20:22:23.244441
-8.38344,3.39519,0.9415 1.38472e+09,1384719743274636483,2013-Nov-17 20:22:23.274636
-14.0072,3.82603,0.876118 1.38472e+09,1384719762284142632,2013-Nov-17 20:22:42.284142
-13.1921,5.13904,0.655371 1.38472e+09,1384719762324474018,2013-Nov-17 20:22:42.324474
-6.99294,2.33225,0.474427 1.38472e+09,1384720336719162715,2013-Nov-17 20:32:16.719162
-5.32146,2.88119,0.859732 1.38472e+09,1384720379971581827,2013-Nov-17 20:32:59.971581
-6.6886,3.98733,0.457769 1.38472e+09,1384720379981640858,2013-Nov-17 20:32:59.981640
-6.06423,3.29198,0.641127 1.38472e+09,1384720380021880682,2013-Nov-17 20:33:00.021880
-7.00622,2.14619,0.546479 1.38472e+09,1384720935944135436,2013-Nov-17 20:42:15.944135
-14.2226,3.48642,0.992632 1.38472e+09,1384720955004553452,2013-Nov-17 20:42:35.004553
-13.8779,5.34221,0.696136 1.38472e+09,1384720955024678428,2013-Nov-17 20:42:35.024678
-14.4868,4.82894,0.318851 1.38472e+09,1384720955054867043,2013-Nov-17 20:42:35.054867
-6.26802,3.61268,0.539058 1.38472e+09,1384721582125901541,2013-Nov-17 20:53:02.125901
-5.8876,4.07359,0.69606 1.38472e+09,1384721582146029170,2013-Nov-17 20:53:02.146029
-7.0187,2.70745,0.507727 1.38472e+09,1384722166614678241,2013-Nov-17 21:02:46.614678
-13.5193,5.29139,0.758022 1.38472e+09,1384722184581980592,2013-Nov-17 21:03:04.581980
-14.9254,4.77433,0.393527 1.38472e+09,1384722184602095929,2013-Nov-17 21:03:04.602095
-13.5781,4.55344,0.512852 1.38472e+09,1384722184652398136,2013-Nov-17 21:03:04.652398
-8.50943,3.08748,1.02279 1.38472e+09,1384722743771304306,2013-Nov-17 21:12:23.771304
-13.6734,5.27933,0.684134 1.38472e+09,1384722761682497309,2013-Nov-17 21:12:41.682497
-13.7194,4.66703,0.62788 1.38472e+09,1384722761682497309,2013-Nov-17 21:12:41.682497
-3.64052,4.08869,1.05697 1.38472e+09,1384722806992697862,2013-Nov-17 21:13:26.992697
-6.94326,2.17823,0.564041 1.38472e+09,1384723347026677072,2013-Nov-17 21:22:27.026677
-13.621,5.33255,0.354851 1.38472e+09,1384723364363516451,2013-Nov-17 21:22:44.363516
-13.8837,4.19256,0.638821 1.38472e+09,1384723364363516451,2013-Nov-17 21:22:44.363516
