-1.67353,-4.92448,0.61842 1.3913e+09,1391300446908906793,2014-Feb-02 00:20:46.908906
-1.9739,-4.88077,0.580311 1.3913e+09,1391301647359719929,2014-Feb-02 00:40:47.359719
-1.69372,-5.71982,0.308234 1.3913e+09,1391302846846811309,2014-Feb-02 01:00:46.846811
-2.99139,-3.69925,1.64499 1.3913e+09,1391302846846811309,2014-Feb-02 01:00:46.846811
-3.12551,-4.92318,1.41782 1.3913e+09,1391302886893649671,2014-Feb-02 01:01:26.893649
-1.7097,-5.53371,0.199039 1.3913e+09,1391303447408867226,2014-Feb-02 01:10:47.408867
-4.28277,-5.67254,1.62543 1.3913e+09,1391303447408867226,2014-Feb-02 01:10:47.408867
-4.9525,-5.48457,1.2077 1.3913e+09,1391303487354161480,2014-Feb-02 01:11:27.354161
-5.43215,-5.06813,1.32094 1.3913e+09,1391303487354161480,2014-Feb-02 01:11:27.354161
-1.17609,-4.77085,0.432328 1.3913e+09,1391304064563102615,2014-Feb-02 01:21:04.563102
-3.06937,-3.90613,1.6647 1.3913e+09,1391304064563102615,2014-Feb-02 01:21:04.563102
-1.95399,-5.4767,0.0401401 1.3913e+09,1391304064563102615,2014-Feb-02 01:21:04.563102
-4.89693,-5.40747,1.24073 1.3913e+09,1391304064563102615,2014-Feb-02 01:21:04.563102
-2.62377,-1.12678,1.1106 1.3913e+09,1391304703652830934,2014-Feb-02 01:31:43.652830
-4.57782,-3.17759,1.10157 1.3913e+09,1391304703652830934,2014-Feb-02 01:31:43.652830
-2.64444,-1.09501,1.09898 1.3913e+09,1391304743799923593,2014-Feb-02 01:32:23.799923
-5.45591,-3.70548,1.0057 1.3913e+09,1391304743799923593,2014-Feb-02 01:32:23.799923
-2.63487,-1.36963,1.19515 1.3913e+09,1391304743799923593,2014-Feb-02 01:32:23.799923
-4.7587,-3.33535,1.06584 1.3913e+09,1391304743799923593,2014-Feb-02 01:32:23.799923
-2.6458,-1.37432,1.22508 1.3913e+09,1391304789035226144,2014-Feb-02 01:33:09.035226
-4.59249,-3.21853,1.04621 1.3913e+09,1391304789035226144,2014-Feb-02 01:33:09.035226
-2.48106,-1.26213,1.18724 1.3913e+09,1391304789035226144,2014-Feb-02 01:33:09.035226
-4.33169,-3.11844,0.987471 1.3913e+09,1391304789035226144,2014-Feb-02 01:33:09.035226
2.10045e+15,-4.76913e+15,1.69986 1.3913e+09,1391304809209227220,2014-Feb-02 01:33:29.209227
-4.39503,-3.16853,1.00445 1.3913e+09,1391304809209227220,2014-Feb-02 01:33:29.209227
-4.41228,-4.65835,0.937927 1.39131e+09,1391305288957969632,2014-Feb-02 01:41:28.957969
-1.3,-2.86862,0.895299 1.39131e+09,1391305847732763443,2014-Feb-02 01:50:47.732763
-1.26818,-4.48943,0.959095 1.39131e+09,1391305847732763443,2014-Feb-02 01:50:47.732763
-1.70581,-5.70866,0.232289 1.39131e+09,1391306447715631065,2014-Feb-02 02:00:47.715631
-3.01034,-2.99074,1.06376 1.39131e+09,1391306447715631065,2014-Feb-02 02:00:47.715631
-4.20571,-5.37258,0.814007 1.39131e+09,1391306464516232690,2014-Feb-02 02:01:04.516232
-0.476819,2.90421,1.34197 1.39131e+09,1391307048806982637,2014-Feb-02 02:10:48.806982
-2.16846,5.03828,0.151623 1.39131e+09,1391307048806982637,2014-Feb-02 02:10:48.806982
-2.62177,5.26532,0.652197 1.39131e+09,1391307048806982637,2014-Feb-02 02:10:48.806982
-4.58355,-5.23554,0.989055 1.39131e+09,1391307066912724168,2014-Feb-02 02:11:06.912724
-1.64762,-3.15051,0.842627 1.39131e+09,1391307647661217629,2014-Feb-02 02:20:47.661217
-1.42884,-4.87227,0.762085 1.39131e+09,1391307647661217629,2014-Feb-02 02:20:47.661217
-0.864798,-5.00194,0.901903 1.39131e+09,1391308248761113201,2014-Feb-02 02:30:48.761113
-1.92556,-5.41263,0.108989 1.39131e+09,1391308248761113201,2014-Feb-02 02:30:48.761113
-4.89508,-4.55588,1.39672 1.39131e+09,1391308276985416079,2014-Feb-02 02:31:16.985416
-4.9759,-6.13329,1.24588 1.39131e+09,1391308867515615615,2014-Feb-02 02:41:07.515615
-7.78056,4.14949,0.624728 1.39134e+09,1391344402880636074,2014-Feb-02 12:33:22.880636
-1.77431,-3.26234,0.788095 1.39134e+09,1391344846640169108,2014-Feb-02 12:40:46.640169
-6.6052,-2.4623,1.04301 1.39134e+09,1391344886912280467,2014-Feb-02 12:41:26.912280
-8.04702,4.27098,0.477079 1.39134e+09,1391344913840336405,2014-Feb-02 12:41:53.840336
-1.761,-3.56912,0.738925 1.39135e+09,1391345446674295515,2014-Feb-02 12:50:46.674295
-1.67429,-3.46515,0.770239 1.39135e+09,1391346045633398947,2014-Feb-02 13:00:45.633398
-14.2734,-4.64796,0.88767 1.39135e+09,1391346134613149877,2014-Feb-02 13:02:14.613149
2.02065e+15,-4.80348e+15,1.69986 1.39135e+09,1391346807842866472,2014-Feb-02 13:13:27.842866
-8.33673,3.6197,0.890074 1.39135e+09,1391347337823518915,2014-Feb-02 13:22:17.823518
-2.30383,-5.36083,0.100347 1.39135e+09,1391347847164199472,2014-Feb-02 13:30:47.164199
-8.43175,3.64803,0.865111 1.39135e+09,1391347954594002004,2014-Feb-02 13:32:34.594002
-2.35231,-5.39765,0.0665916 1.39135e+09,1391348447684802250,2014-Feb-02 13:40:47.684802
-8.02392,4.29153,0.468693 1.39135e+09,1391348513600858181,2014-Feb-02 13:41:53.600858
-13.7158,5.67606,0.866415 1.39135e+09,1391348552689294414,2014-Feb-02 13:42:32.689294
-5.18215,5.74556,1.35682 1.39135e+09,1391348552689294414,2014-Feb-02 13:42:32.689294
-2.21361,-4.54553,0.366492 1.39135e+09,1391349071183444750,2014-Feb-02 13:51:11.183444
-8.11357,4.27246,0.660768 1.39135e+09,1391349120114658475,2014-Feb-02 13:52:00.114658
-8.06838,1.6893,0.90163 1.39135e+09,1391349120114658475,2014-Feb-02 13:52:00.114658
-1.85998,-3.39068,0.733046 1.39135e+09,1391349647225767725,2014-Feb-02 14:00:47.225767
-8.12683,1.6914,0.894278 1.39135e+09,1391349734975031178,2014-Feb-02 14:02:14.975031
-8.19384,4.35657,0.526665 1.39135e+09,1391349734975031178,2014-Feb-02 14:02:14.975031
-2.35043,-5.0215,0.189937 1.39135e+09,1391350265719265595,2014-Feb-02 14:11:05.719265
-7.06454,2.11844,0.540298 1.39135e+09,1391350337826487848,2014-Feb-02 14:12:17.826487
-1.65105,-3.21465,0.765711 1.39135e+09,1391350846627185822,2014-Feb-02 14:20:46.627185
-2.77304,-5.34044,0.084255 1.39135e+09,1391351464902592271,2014-Feb-02 14:31:04.902592
-1.5805,-2.938,1.17314 1.39135e+09,1391352048977578121,2014-Feb-02 14:40:48.977578
-1.64072,-5.31914,0.516535 1.39135e+09,1391352667020386359,2014-Feb-02 14:51:07.020386
-7.01311,2.61043,0.520715 1.39135e+09,1391352717185214547,2014-Feb-02 14:51:57.185214
-8.40519,3.51342,0.8367 1.39135e+09,1391352717185214547,2014-Feb-02 14:51:57.185214
-2.43009,-5.41237,0.0645532 1.39135e+09,1391353266492528765,2014-Feb-02 15:01:06.492528
-1.64004,-5.77221,0.285845 1.39135e+09,1391353266492528765,2014-Feb-02 15:01:06.492528
-4.6202,2.98719,0.630096 1.39135e+09,1391353399833074499,2014-Feb-02 15:03:19.833074
-14.1066,3.98415,0.867172 1.39135e+09,1391353927989952247,2014-Feb-02 15:12:07.989952
-1.92934,-3.10141,0.790095 1.39135e+09,1391354448276139590,2014-Feb-02 15:20:48.276139
-1.78812,-4.77255,0.819352 1.39135e+09,1391354448276139590,2014-Feb-02 15:20:48.276139
-7.26401,1.97227,0.692869 1.39135e+09,1391354540013382037,2014-Feb-02 15:22:20.013382
-8.37209,3.39838,0.803837 1.39135e+09,1391354540013382037,2014-Feb-02 15:22:20.013382
-2.54564,-5.30525,0.115591 1.39136e+09,1391355076595083612,2014-Feb-02 15:31:16.595083
-1.72996,-5.62581,0.179696 1.39136e+09,1391355076595083612,2014-Feb-02 15:31:16.595083
-14.1052,4.40436,0.937778 1.39136e+09,1391355148323326050,2014-Feb-02 15:32:28.323326
-1.31202,4.7827,0.215163 1.39136e+09,1391355648716565443,2014-Feb-02 15:40:48.716565
-2.14512,5.18895,0.0791013 1.39136e+09,1391355648716565443,2014-Feb-02 15:40:48.716565
-14.9446,-4.47312,0.739067 1.39136e+09,1391355736485158484,2014-Feb-02 15:42:16.485158
-8.03517,1.64582,0.903942 1.39136e+09,1391355736485158484,2014-Feb-02 15:42:16.485158
-8.14109,4.2792,0.491447 1.39136e+09,1391355736485158484,2014-Feb-02 15:42:16.485158
-1.69955,5.10372,0.0647007 1.39136e+09,1391356249661176930,2014-Feb-02 15:50:49.661176
-2.48524,5.20871,0.351762 1.39136e+09,1391356249661176930,2014-Feb-02 15:50:49.661176
-12.2936,4.96991,0.711646 1.39136e+09,1391356343444316410,2014-Feb-02 15:52:23.444316
-13.9652,4.44297,0.784857 1.39136e+09,1391356343444316410,2014-Feb-02 15:52:23.444316
-1.81125,-3.20953,0.778643 1.39136e+09,1391356850073889861,2014-Feb-02 16:00:50.073889
-8.37343,-4.7682,0.688444 1.39136e+09,1391356889988647693,2014-Feb-02 16:01:29.988647
-1.71909,-3.35359,0.817495 1.39136e+09,1391357450825819651,2014-Feb-02 16:10:50.825819
-1.41476,-4.90046,0.761713 1.39136e+09,1391357450825819651,2014-Feb-02 16:10:50.825819
-13.7673,-4.86432,0.968611 1.39136e+09,1391357515978639020,2014-Feb-02 16:11:55.978639
-6.0668,-4.48741,1.62955 1.39136e+09,1391358068278432422,2014-Feb-02 16:21:08.278432
-13.756,-6.1291,0.872412 1.39136e+09,1391358116994991441,2014-Feb-02 16:21:56.994991
-7.9307,4.24204,0.461378 1.39136e+09,1391358116994991441,2014-Feb-02 16:21:56.994991
-1.71723,-3.00289,0.805164 1.39136e+09,1391358651625284312,2014-Feb-02 16:30:51.625284
-1.1998,-4.93915,0.740062 1.39136e+09,1391358651625284312,2014-Feb-02 16:30:51.625284
-8.57035,-4.24066,0.761461 1.39136e+09,1391358691721239842,2014-Feb-02 16:31:31.721239
-7.94161,1.49461,0.90471 1.39136e+09,1391358726994342200,2014-Feb-02 16:32:06.994342
-7.85908,4.20147,0.508507 1.39136e+09,1391358726994342200,2014-Feb-02 16:32:06.994342
-1.91675,-5.5218,0.229817 1.39136e+09,1391359251362473568,2014-Feb-02 16:40:51.362473
-6.82589,2.24692,0.469152 1.39136e+09,1391359339620004133,2014-Feb-02 16:42:19.620004
-8.74619,2.89916,0.987203 1.39136e+09,1391359339620004133,2014-Feb-02 16:42:19.620004
-5.15009,1.1974,1.24152 1.39136e+09,1391359381211821551,2014-Feb-02 16:43:01.211821
-2.68986,-5.34951,0.0546574 1.39136e+09,1391359873400186057,2014-Feb-02 16:51:13.400186
-2.05046,-5.58301,0.306707 1.39136e+09,1391359873400186057,2014-Feb-02 16:51:13.400186
-6.92279,-2.78468,0.902554 1.39136e+09,1391359873400186057,2014-Feb-02 16:51:13.400186
-8.78913,-4.99044,0.936842 1.39136e+09,1391359873400186057,2014-Feb-02 16:51:13.400186
-8.183,-5.45491,0.401368 1.39136e+09,1391359907019377116,2014-Feb-02 16:51:47.019377
-8.60048,3.28109,0.808361 1.39136e+09,1391359935770428515,2014-Feb-02 16:52:15.770428
-4.96726,1.18552,1.26015 1.39136e+09,1391359970985798176,2014-Feb-02 16:52:50.985798
-1.88065,-2.18744,1.38163 1.39136e+09,1391360452752854121,2014-Feb-02 17:00:52.752854
-1.8026,-3.20702,0.750696 1.39136e+09,1391360452752854121,2014-Feb-02 17:00:52.752854
-14.215,-3.79006,0.995299 1.39136e+09,1391360564210367354,2014-Feb-02 17:02:44.210367
-13.9811,3.43248,0.79254 1.39136e+09,1391360667913548193,2014-Feb-02 17:04:27.913548
-1.72826,-3.0034,0.811069 1.39136e+09,1391361053456300573,2014-Feb-02 17:10:53.456300
-1.48453,-4.95641,0.765799 1.39136e+09,1391361053456300573,2014-Feb-02 17:10:53.456300
-1.76197,-2.99113,0.830469 1.39136e+09,1391361653057788000,2014-Feb-02 17:20:53.057788
-1.658,-4.76701,0.775756 1.39136e+09,1391361653057788000,2014-Feb-02 17:20:53.057788
-6.30095,-5.32152,0.352127 1.39136e+09,1391361692471530170,2014-Feb-02 17:21:32.471530
-12.3273,5.77581,1.32832 1.39136e+09,1391361753011700758,2014-Feb-02 17:22:33.011700
-13.7937,4.3062,0.831448 1.39136e+09,1391361753011700758,2014-Feb-02 17:22:33.011700
-2.11576,-4.93132,0.708905 1.39136e+09,1391362254010818502,2014-Feb-02 17:30:54.010818
-2.19923,-3.19314,0.797328 1.39136e+09,1391362254010818502,2014-Feb-02 17:30:54.010818
-5.95415,-6.12678,0.246707 1.39136e+09,1391362872991953428,2014-Feb-02 17:41:12.991953
-7.88582,4.1901,0.486701 1.39136e+09,1391363522505363602,2014-Feb-02 17:52:02.505363
-14.1493,-5.77476,1.0908 1.39136e+09,1391364117262589861,2014-Feb-02 18:01:57.262589
-4.88688,3.90113,0.483228 1.39136e+09,1391364224625787436,2014-Feb-02 18:03:44.625787
-4.59638,2.32537,0.846835 1.39136e+09,1391364224625787436,2014-Feb-02 18:03:44.625787
-1.66345,-5.64722,0.398493 1.39136e+09,1391364656494440970,2014-Feb-02 18:10:56.494440
-2.46376,-5.30209,0.169952 1.39136e+09,1391364656494440970,2014-Feb-02 18:10:56.494440
-5.18957,0.972488,1.30566 1.39137e+09,1391367137713340722,2014-Feb-02 18:52:17.713340
-6.81106,5.16466,1.08159 1.39137e+09,1391367137713340722,2014-Feb-02 18:52:17.713340
-1.8636,-2.94907,0.795631 1.39137e+09,1391367137713340722,2014-Feb-02 18:52:17.713340
-8.45403,-5.40147,0.383803 1.39137e+09,1391367185750297703,2014-Feb-02 18:53:05.750297
-1.74097,-3.22493,0.810786 1.39137e+09,1391367646968987833,2014-Feb-02 19:00:46.968987
-1.49107,-4.8967,0.705367 1.39137e+09,1391367646968987833,2014-Feb-02 19:00:46.968987
-8.95777,-5.34628,0.447098 1.39137e+09,1391367701137229668,2014-Feb-02 19:01:41.137229
-7.01893,2.32694,0.551798 1.39137e+09,1391367737064107703,2014-Feb-02 19:02:17.064107
-8.34811,3.55655,0.848168 1.39137e+09,1391367737064107703,2014-Feb-02 19:02:17.064107
-8.80175,-4.39323,0.775353 1.39137e+09,1391368287937662241,2014-Feb-02 19:11:27.937662
-7.08435,2.24974,0.599506 1.39137e+09,1391368313555726792,2014-Feb-02 19:11:53.555726
-8.4551,3.53271,0.751061 1.39137e+09,1391368313555726792,2014-Feb-02 19:11:53.555726
-1.76068,-4.9293,0.634425 1.39137e+09,1391368846847735529,2014-Feb-02 19:20:46.847735
-8.38742,-5.31862,0.437004 1.39137e+09,1391368887778393080,2014-Feb-02 19:21:27.778393
-7.1708,2.07602,0.601818 1.39137e+09,1391368912754303470,2014-Feb-02 19:21:52.754303
-1.78498,-5.29321,0.45578 1.39137e+09,1391370047562223175,2014-Feb-02 19:40:47.562223
-1.92888,-5.6674,0.352208 1.39137e+09,1391370646153406687,2014-Feb-02 19:50:46.153406
-10.7112,-7.12782,1.26873 1.39137e+09,1391370692126652115,2014-Feb-02 19:51:32.126652
-8.95804,-4.25356,0.751255 1.39137e+09,1391370692126652115,2014-Feb-02 19:51:32.126652
-6.96653,2.57764,0.499745 1.39137e+09,1391370716861195449,2014-Feb-02 19:51:56.861195
-1.86789,-5.36197,0.428764 1.39137e+09,1391371246552968821,2014-Feb-02 20:00:46.552968
-8.6805,-5.38488,0.489448 1.39137e+09,1391371294053346195,2014-Feb-02 20:01:34.053346
-8.02867,1.67506,0.87907 1.39137e+09,1391371340378610584,2014-Feb-02 20:02:20.378610
-4.52178,2.92451,0.891467 1.39137e+09,1391371340378610584,2014-Feb-02 20:02:20.378610
-11.714,3.09402,1.35872 1.39137e+09,1391371411193530275,2014-Feb-02 20:03:31.193530
-1.66061,-4.95691,0.602663 1.39137e+09,1391371847069485719,2014-Feb-02 20:10:47.069485
-1.23731,-5.18742,0.622161 1.39137e+09,1391371847069485719,2014-Feb-02 20:10:47.069485
-8.61559,-4.15366,0.754755 1.39137e+09,1391371886808991260,2014-Feb-02 20:11:26.808991
-7.03587,2.74254,0.394602 1.39137e+09,1391371927570228507,2014-Feb-02 20:12:07.570228
-4.66791,1.00499,1.2617 1.39137e+09,1391371974937521347,2014-Feb-02 20:12:54.937521
-1.80335,-5.32444,0.512861 1.39137e+09,1391372464762890426,2014-Feb-02 20:21:04.762890
-8.1031,-5.86637,0.387615 1.39137e+09,1391372509583066098,2014-Feb-02 20:21:49.583066
-5.27989,0.784672,1.35134 1.39137e+09,1391372572762978190,2014-Feb-02 20:22:52.762978
-1.60964,-4.70936,0.66726 1.39137e+09,1391373047265879900,2014-Feb-02 20:30:47.265879
-4.46754,3.02922,0.689748 1.39137e+09,1391373162408659908,2014-Feb-02 20:32:42.408659
-5.96377,-5.77863,0.164272 1.39137e+09,1391373666639627455,2014-Feb-02 20:41:06.639627
-15.2343,-4.58069,0.456053 1.39137e+09,1391373700799444936,2014-Feb-02 20:41:40.799444
-12.5625,-4.90903,0.988437 1.39137e+09,1391373700799444936,2014-Feb-02 20:41:40.799444
-7.27809,2.39277,0.493502 1.39137e+09,1391373712458263270,2014-Feb-02 20:41:52.458263
-1.91085,-4.80573,0.646569 1.39137e+09,1391374247635361118,2014-Feb-02 20:50:47.635361
-8.03848,-5.56684,0.308519 1.39137e+09,1391374290060238590,2014-Feb-02 20:51:30.060238
-6.76408,1.96523,1.32752 1.39137e+09,1391374330258354820,2014-Feb-02 20:52:10.258354
-6.6825,1.76643,1.33225 1.39137e+09,1391374330258354820,2014-Feb-02 20:52:10.258354
-6.50722,-2.82419,0.681474 1.39137e+09,1391374858233927996,2014-Feb-02 21:00:58.233927
-6.51509,-2.82009,0.686065 1.39137e+09,1391374903694039527,2014-Feb-02 21:01:43.694039
-8.56466,-5.45265,0.421045 1.39138e+09,1391375487752409883,2014-Feb-02 21:11:27.752409
-6.96534,2.49689,0.508478 1.39138e+09,1391375513052843529,2014-Feb-02 21:11:53.052843
-1.93099,-5.23979,0.447238 1.39138e+09,1391376065641247941,2014-Feb-02 21:21:05.641247
-8.79844,-5.66378,0.370679 1.39138e+09,1391376100880868910,2014-Feb-02 21:21:40.880868
-14.6818,-4.28058,0.700216 1.39138e+09,1391376100880868910,2014-Feb-02 21:21:40.880868
-4.71409,1.9094,1.00794 1.39138e+09,1391376154654149037,2014-Feb-02 21:22:34.654149
-1.86078,-5.54769,0.145263 1.39138e+09,1391376650257307649,2014-Feb-02 21:30:50.257307
-8.49059,-5.3846,0.422607 1.39138e+09,1391376711966914370,2014-Feb-02 21:31:51.966914
-8.02318,1.66796,0.903107 1.39138e+09,1391376738125716183,2014-Feb-02 21:32:18.125716
-1.902,-5.50501,0.128044 1.39138e+09,1391377248552920072,2014-Feb-02 21:40:48.552920
-8.51616,-5.36974,0.422551 1.39138e+09,1391377288389429257,2014-Feb-02 21:41:28.389429
-7.22925,2.35863,0.527934 1.39138e+09,1391377329462051770,2014-Feb-02 21:42:09.462051
-4.62193,1.28568,1.20557 1.39138e+09,1391377376741366591,2014-Feb-02 21:42:56.741366
-5.06749,-5.62594,0.267203 1.39138e+09,1391377866178599903,2014-Feb-02 21:51:06.178599
-8.519,-5.41244,0.514909 1.39138e+09,1391377888753893158,2014-Feb-02 21:51:28.753893
-6.95504,2.34847,0.580561 1.39138e+09,1391377915466132300,2014-Feb-02 21:51:55.466132
-0.840433,2.83884,0.893525 1.39138e+09,1391378017408485707,2014-Feb-02 21:53:37.408485
-1.8409,-5.42028,0.374267 1.39138e+09,1391378467589228794,2014-Feb-02 22:01:07.589228
-6.56909,2.24985,0.450184 1.39138e+09,1391378566489783983,2014-Feb-02 22:02:46.489783
-6.42427,2.32293,1.11272 1.39138e+09,1391378566489783983,2014-Feb-02 22:02:46.489783
-1.89,-5.57408,0.160062 1.39138e+09,1391379050080986027,2014-Feb-02 22:10:50.080986
-7.10895,2.47452,0.57701 1.39138e+09,1391379133289139382,2014-Feb-02 22:12:13.289139
-1.46316,4.05082,0.466718 1.39138e+09,1391379175479143043,2014-Feb-02 22:12:55.479143
-1.15384,1.34194,1.24809 1.39138e+09,1391379175479143043,2014-Feb-02 22:12:55.479143
-1.86697,-5.3738,0.34614 1.39138e+09,1391379668936085234,2014-Feb-02 22:21:08.936085
-1.90163,-5.38,0.389268 1.39138e+09,1391380274720255328,2014-Feb-02 22:31:14.720255
-6.94304,-2.76566,0.917161 1.39138e+09,1391380274720255328,2014-Feb-02 22:31:14.720255
-6.96379,2.50769,0.531133 1.39138e+09,1391380343969017676,2014-Feb-02 22:32:23.969017
-2.04163,-5.73279,0.195597 1.39138e+09,1391381451051897188,2014-Feb-02 22:50:51.051897
-13.4368,-4.34522,1.11401 1.39138e+09,1391382110034346707,2014-Feb-02 23:01:50.034346
-1.73242,-4.83077,0.710302 1.39138e+09,1391382651138428678,2014-Feb-02 23:10:51.138428
-6.93324,-2.68597,0.996294 1.39138e+09,1391382690987627747,2014-Feb-02 23:11:30.987627
-1.79454,-4.86897,0.68258 1.39138e+09,1391383252087976527,2014-Feb-02 23:20:52.087976
-1.75684,-4.85226,0.668179 1.39138e+09,1391383852042374921,2014-Feb-02 23:30:52.042374
-1.65144,-5.21498,0.499101 1.39138e+09,1391384471991714043,2014-Feb-02 23:41:11.991714
-1.836,-4.87478,0.714659 1.39139e+09,1391385053088341731,2014-Feb-02 23:50:53.088341
